7 15 3
2.102 -0.816 0.624 -0.973 -0.034 2.312 1.976 0.170
1.000 -0.878 0.185 -0.018 0.024 1.256 0.579 0.558
3.543 1.323 3.565 -0.410 -0.408 1.020 4.104 -0.417
2.461 0.652 3.403 0.403 -0.108 -0.531 1.560 -1.849
1.882 -0.947 3.764 -0.590 0.356 -0.141 2.160 -1.482
0.655 0.338 0.041 -0.235 0.353 0.475 0.681 0.814
1.176 2.760 0.076 0.745 -0.122 -0.511 -0.394 0.020
-0.785 0.084 -0.128 0.413 0.461 0.925 0.661 1.330
2.252 4.579 1.471 0.893 -1.036 -0.124 0.126 -1.185
1.813 2.116 2.341 0.419 0.078 -1.619 -0.088 -1.524
-0.077 0.349 -0.983 0.660 0.035 0.099 -0.638 0.651
-0.218 -0.022 -0.162 0.763 1.290 0.643 0.060 0.929
2.605 2.159 1.900 -0.207 -0.638 1.285 1.201 -1.028
1.093 0.922 0.016 -0.056 0.331 0.308 0.099 0.270
0.645 -0.643 -0.345 -0.217 0.220 1.258 0.531 1.101
3.963 1.028 -0.588 3.098 1.446 0.458 -0.179 1.340 -1.947 3.829 1.183 -0.833 -1.692 3.048 0.502 -0.542
2.067 -2.430 -1.577 1.568 2.200 1.480 -1.040 1.281 -0.950 2.876 3.168 -0.623 -0.839 0.700 -0.331 -1.965
3.110 2.189 0.571 4.197 2.902 3.992 -0.062 -1.870 -1.008 -1.027 0.752 -1.613 -1.220 1.131 -0.592 -0.265
