7 15 3
0.521 0.372 0.284 0.493 0.765 0.737 0.874 0.874
0.772 0.553 0.603 0.535 0.067 0.796 0.567 0.567
0.960 0.489 0.902 0.754 0.725 0.363 0.940 0.940
0.967 0.475 0.569 0.855 0.406 0.087 0.529 0.529
0.575 0.253 0.931 0.096 0.626 0.215 0.589 0.589
0.390 0.952 0.463 0.162 0.505 0.066 0.697 0.697
0.572 0.862 0.264 0.532 0.351 0.166 0.286 0.286
0.076 0.528 0.226 0.042 0.003 0.795 0.897 0.897
0.409 0.882 0.426 0.984 0.135 0.357 0.080 0.080
0.761 0.572 0.670 0.151 0.524 0.132 0.313 0.313
0.029 0.198 0.011 0.601 0.060 0.275 0.133 0.133
0.410 0.440 0.419 0.486 0.969 0.645 0.529 0.529
0.972 0.440 0.426 0.381 0.322 0.852 0.365 0.365
0.457 0.209 0.446 0.218 0.782 0.115 0.369 0.369
0.306 0.247 0.682 0.335 0.446 0.692 0.936 0.936
0.505 0.967 0.069 0.916 0.407 0.488 0.402 0.376 0.134 0.931 0.348 0.574 0.356 0.729 0.896 0.896
0.208 0.094 0.353 0.417 0.540 0.571 0.199 0.655 0.939 0.505 0.902 0.621 0.840 0.348 0.314 0.314
0.776 0.853 0.281 0.846 0.769 0.688 0.334 0.171 0.064 0.468 0.102 0.411 0.042 0.458 0.140 0.140
